 120 8
?Tenor AAA AA A BBB BB B C 
1 .00357 .00474 .00616 .00808 .01903 .02619 .03999 
2 .00361 .00478 .00619 .00815 .01928 .02675 .04048 
3 .00364 .00482 .00621 .00823 .01952 .0273 .04096 
4 .00367 .00487 .00624 .0083 .01977 .02784 .04144 
5 .00371 .00491 .00627 .00837 .02  0.02837 .04191 
6 .00374 .00495 .0063 .00844 .02024 .02889 .04238 
7 .00378 .005 .00634 .00852 .02047 .0294 .04284 
8 .00381 .00504 .00637 .00859 .0207 .0299 .0433 
9 .00385 .00509 .0064 .00867 .02092 .03039 .04375 
10 .00389 .00513 .00644 .00874 .02114 .03087 .04419 
11 .00393 .00518 .00648 .00881 .02136 .03135 .04463 
12 .00396 .00522 .00652 .00889 .02157 .03181 .04507 
13 .004 .00527 .00656 .00896 .02178 .03227 .0455 
14 .00404 .00532 .0066 .00904 .02198 .03272 .04593 
15 .00408 .00537 .00665 .00911 .02219 .03316 .04635 
16 .00412 .00542 .00669 .00919 .02238 .03359 .04676 
17 .00416 .00546 .00674 .00926 .02258 .03401 .04717 
18 .0042 .00551 .00679 .00934 .02277 .03443 .04758 
19 .00424 .00556 .00684 .00941 .02296 .03484 .04798 
20 .00429 .00561 .00689 .00949 .02315 .03524 .04838 
21 .00433 .00567 .00694 .00956 .02333 .03563 .04877 
22 .00437 .00572 .00699 .00964 .02351 .03601 .04916 
23 .00442 .00577 .00704 .00972 .02369 .03639 .04954 
24 .00446 .00582 .0071 .00979 .02386 .03676 .04992 
25 .0045 .00587 .00715 .00987 .02403 .03712 .0503 
26 .00455 .00592 .00721 .00995 .0242 .03748 .05067 
27 .00459 .00598 .00727 .01002 .02437 .03783 .05104 
28 .00464 .00603 .00733 .0101 .02453 .03817 .0514 
29 .00468 .00608 .00738 .01017 .02469 .03851 .05176 
30 .00473 .00614 .00745 .01025 .02485 .03884 .05211 
31 .00477 .00619 .00751 .01033 .025 .03916 .05246 
32 .00482 .00625 .00757 .0104 .02515 .03948 .05281 
33 .00487 .0063 .00763 .01048 .0253 .03979 .05315 
34 .00491 .00636 .00769 .01056 .02545 .0401 .05349 
35 .00496 .00641 .00776 .01063 .0256 .0404 .05383 
36 .00501 .00647 .00782 .01071 .02574 .0407 .05416 
37 .00506 .00652 .00789 .01079 .02588 .04099 .05449 
38 .0051 .00658 .00795 .01086 .02602 .04127 .05482 
39 .00515 .00664 .00802 .01094 .02616 .04155 .05514 
40 .0052 .00669 .00809 .01102 .0263 .04182 .05546 
41 .00525 .00675 .00816 .01109 .02643 .04209 .05578 
42 .0053 .0068 .00823 .01117 .02656 .04236 .05609 
43 .00535 .00686 .00829 .01124 .02669 .04262 .0564 
44 .0054 .00692 .00836 .01132 .02682 .04287 .0567 
45 .00545 .00697 .00843 .0114 .02695 .04312 .05701 
46 .0055 .00703 .0085 .01147 .02707 .04337 .05731 
47 .00555 .00709 .00858 .01155 .02719 .04362 .05761 
48 .0056 .00715 .00865 .01162 .02732 .04385 .0579 
49 .00565 .0072 .00872 .0117 .02744 .04409 .0582 
50 .0057 .00726 .00879 .01178 .02756 .04432 .05849 
51 .00575 .00732 .00886 .01185 .02767 .04455 .05877 
52 .0058 .00738 .00893 .01193 .02779 .04477 .05906 
53 .00585 .00743 .00901 .012 .02791 .045 .05934 
54 .0059 .00749 .00908 .01208 .02802 .04522 .05962 
55 .00595 .00755 .00915 .01215 .02813 .04543 .0599 
56 .006 .00761 .00923 .01223 .02824 .04564 .06017 
57 .00605 .00766 .0093 .0123 .02835 .04585 .06045 
58 .0061 .00772 .00937 .01237 .02846 .04606 .06072 
59 .00615 .00778 .00945 .01245 .02857 .04627 .06099 
60 .0062 .00784 .00952 .01252 .02868 .04647 .06126 
61 .00626 .00789 .00959 .0126 .02879 .04667 .06152 
62 .00631 .00795 .00967 .01267 .0289 .04687 .06179 
63 .00636 .00801 .00974 .01274 .029 .04707 .06205 
64 .00641 .00807 .00981 .01281 .02911 .04726 .06231 
65 .00646 .00812 .00989 .01289 .02921 .04746 .06257 
66 .00651 .00818 .00996 .01296 .02932 .04765 .06282 
67 .00656 .00824 .01003 .01303 .02942 .04784 .06308 
68 .00662 .00829 .0101 .0131 .02953 .04803 .06333 
69 .00667 .00835 .01018 .01317 .02963 .04822 .06359 
70 .00672 .00841 .01025 .01325 .02973 .0484 .06384 
71 .00677 .00846 .01032 .01332 .02984 .04859 .06409 
72 .00682 .00852 .01039 .01339 .02994 .04878 .06434 
73 .00687 .00857 .01046 .01346 .03004 .04896 .06458 
74 .00692 .00863 .01053 .01353 .03014 .04915 .06483 
75 .00697 .00868 .0106 .0136 .03025 .04933 .06508 
76 .00702 .00874 .01067 .01367 .03035 .04952 .06532 
77 .00707 .00879 .01074 .01373 .03045 .0497 .06557 
78 .00712 .00885 .01081 .0138 .03056 .04989 .06581 
79 .00717 .0089 .01088 .01387 .03066 .05007 .06605 
80 .00723 .00896 .01095 .01394 .03077 .05026 .06629 
81 .00728 .00901 .01101 .01401 .03087 .05045 .06654 
82 .00732 .00906 .01108 .01407 .03097 .05063 .06678 
83 .00737 .00912 .01115 .01414 .03108 .05082 .06702 
84 .00742 .00917 .01121 .01421 .03119 .05101 .06726 
85 .00747 .00922 .01128 .01427 .03129 .0512 .0675 
86 .00752 .00928 .01134 .01434 .0314 .05139 .06774 
87 .00757 .00933 .0114 .0144 .03151 .05159 .06797 
88 .00762 .00938 .01147 .01447 .03162 .05178 .06821 
89 .00767 .00943 .01153 .01453 .03173 .05198 .06845 
90 .00772 .00948 .01159 .01459 .03184 .05217 .06869 
91 .00777 .00953 .01165 .01466 .03195 .05237 .06893 
92 .00781 .00958 .01171 .01472 .03206 .05258 .06917 
93 .00786 .00963 .01177 .01478 .03218 .05278 .06941 
94 .00791 .00968 .01182 .01484 .03229 .05299 .06965 
95 .00795 .00973 .01188 .0149 .03241 .0532 .06989 
96 .008 .00977 .01193 .01496 .03253 .05341 .07013 
97 .00805 .00982 .01199 .01502 .03264 .05362 .07037 
98 .00809 .00987 .01204 .01508 .03276 .05384 .07061 
99 .00814 .00991 .01209 .01514 .03289 .05406 .07085 
100    0.00819 .00996 .01214 .0152 .03301 .05428 .0711 
101    0.00823 .01001 .01219 .01526 .03313 .05451 .07134 
102    0.00827 .01005 .01224 .01531 .03326 .05474 .07158 
103    0.00832 .0101 .01229 .01537 .03339 .05497 .07183 
104    0.00836 .01014 .01234 .01543 .03352 .05521 .07208 
105    0.00841 .01018 .01238 .01548 .03365 .05545 .07232 
106    0.00845 .01022 .01242 .01554 .03378 .0557 .07257 
107    0.00849 .01027 .01247 .01559 .03392 .05594 .07282 
108    0.00854 .01031 .01251 .01564 .03406 .0562 .07307 
109    0.00858 .01035 .01255 .0157 .03419 .05646 .07332 
110    0.00862 .01039 .01258 .01575 .03434 .05672 .07357 
111    0.00866 .01043 .01262 .0158 .03448 .05699 .07383 
112    0.0087 .01047 .01266 .01585 .03463 .05726 .07408 
113    0.00874 .01051 .01269 .0159 .03477 .05753 .07434 
114    0.00878 .01054 .01272 .01595 .03492 .05782 .0746 
115    0.00882 .01058 .01275 .016 .03508 .0581 .07486 
116    0.00886 .01062 .01278 .01605 .03523 .05839 .07512 
117    0.0089 .01065 .01281 .01609 .03539 .05869 .07539 
118    0.00894 .01069 .01283 .01614 .03555 .059 .07565 
119    0.00897 .01072 .01286 .01619 .03571 .05931 .07592 
120    0.00901 .01075 .01288 .01623 .03588 .05962 .07619 